nodes:
- [4.86070646 0.03515583 0.00000000]
- [4.81313071 0.04583028 0.00000000]
- [4.76554975 0.05648143 0.00000000]
- [4.71795729 0.06708111 0.00000000]
- [4.67036459 0.07767971 0.00000000]
- [4.62276484 0.08824658 0.00000000]
- [4.57516864 0.09882942 0.00000000]
- [4.52758994 0.10949073 0.00000000]
- [4.48002323 0.12020534 0.00000000]
- [4.43249007 0.13106779 0.00000000]
- [4.38496566 0.14196852 0.00000000]
- [4.33745498 0.15292889 0.00000000]
- [4.28995865 0.16395135 0.00000000]
- [4.24246949 0.17500461 0.00000000]
- [4.19499771 0.18613225 0.00000000]
- [4.14753343 0.19729193 0.00000000]
- [4.10007922 0.20849430 0.00000000]
- [4.05262831 0.21971065 0.00000000]
- [4.00587598 0.23076946 0.00000000]
- [3.95913132 0.24186059 0.00000000]
- [3.91238873 0.25296049 0.00000000]
- [3.86564616 0.26406045 0.00000000]
- [3.81890229 0.27515494 0.00000000]
- [3.77215445 0.28623269 0.00000000]
- [3.72540382 0.29729864 0.00000000]
- [3.67865546 0.30837420 0.00000000]
- [3.63189565 0.31940130 0.00000000]
- [3.58513015 0.33040424 0.00000000]
- [3.53835467 0.34136470 0.00000000]
- [3.49157504 0.35230742 0.00000000]
- [3.44477480 0.36316162 0.00000000]
- [3.39796275 0.37396485 0.00000000]
- [3.35031706 0.38492527 0.00000000]
- [3.30264850 0.39578581 0.00000000]
- [3.25495617 0.40654153 0.00000000]
- [3.20725917 0.41727656 0.00000000]
- [3.15953476 0.42788906 0.00000000]
- [3.11178586 0.43839068 0.00000000]
- [3.06401523 0.44879312 0.00000000]
- [3.01622578 0.45910872 0.00000000]
- [2.96841548 0.46932695 0.00000000]
- [2.92056322 0.47934719 0.00000000]
- [2.87269767 0.48930367 0.00000000]
- [2.82480403 0.49912413 0.00000000]
- [2.77687487 0.50876947 0.00000000]
- [2.72890951 0.51823349 0.00000000]
- [2.68092476 0.52759865 0.00000000]
- [2.63291303 0.53682438 0.00000000]
- [2.58485331 0.54579645 0.00000000]
- [2.53676230 0.55459959 0.00000000]
- [2.48864319 0.56324800 0.00000000]
- [2.44049238 0.57171770 0.00000000]
- [2.39228858 0.57988064 0.00000000]
- [2.34405238 0.58785000 0.00000000]
- [2.29578966 0.59565704 0.00000000]
- [2.24747051 0.60310519 0.00000000]
- [2.19910381 0.61023968 0.00000000]
- [2.15070552 0.61715672 0.00000000]
- [2.10227926 0.62387436 0.00000000]
- [2.05378183 0.63005832 0.00000000]
- [2.00525298 0.63599028 0.00000000]
- [1.95669420 0.64167177 0.00000000]
- [1.90808531 0.64690448 0.00000000]
- [1.85942998 0.65168872 0.00000000]
- [1.81074762 0.65618975 0.00000000]
- [1.76203322 0.66032658 0.00000000]
- [1.71326617 0.66379128 0.00000000]
- [1.66447701 0.66693022 0.00000000]
- [1.61509766 0.66968856 0.00000000]
- [1.56568393 0.67172316 0.00000000]
- [1.51561949 0.67324752 0.00000000]
- [1.46554419 0.67436167 0.00000000]
- [1.41545889 0.67466743 0.00000000]
- [1.36537305 0.67426263 0.00000000]
- [1.31529448 0.67331074 0.00000000]
- [1.26524038 0.67152712 0.00000000]
- [1.21522372 0.66886509 0.00000000]
- [1.16524419 0.66557618 0.00000000]
- [1.11534241 0.66129460 0.00000000]
- [1.06552766 0.65607541 0.00000000]
- [1.01578577 0.65020054 0.00000000]
- [0.96622191 0.64299150 0.00000000]
- [0.91680553 0.63482405 0.00000000]
- [0.86754816 0.62574809 0.00000000]
- [0.81859164 0.61517661 0.00000000]
- [0.76983441 0.60371347 0.00000000]
- [0.72487246 0.59199762 0.00000000]
- [0.68028719 0.57891453 0.00000000]
- [0.63290189 0.56408598 0.00000000]
- [0.58608194 0.54756331 0.00000000]
- [0.53971135 0.52981623 0.00000000]
- [0.49389406 0.51070135 0.00000000]
- [0.44877348 0.48998071 0.00000000]
- [0.40431124 0.46789618 0.00000000]
- [0.36079005 0.44400130 0.00000000]
- [0.31806637 0.41871351 0.00000000]
- [0.27666180 0.39131410 0.00000000]
- [0.23631822 0.36238349 0.00000000]
- [0.19765170 0.33123684 0.00000000]
- [0.16089819 0.29787401 0.00000000]
- [0.12584859 0.26271030 0.00000000]
- [0.09316716 0.22533759 0.00000000]
- [0.06373720 0.18537529 0.00000000]
- [0.03831878 0.14274997 0.00000000]
- [0.01841500 0.09731357 0.00000000]
- [0.00571796 0.04939874 0.00000000]
- [0.00080250 0.00008363 0.00000000]
- [0.00609320 -0.04922322 0.00000000]
- [0.02283212 -0.09594392 0.00000000]
- [0.04639023 -0.13958418 0.00000000]
- [0.07485671 -0.18023117 0.00000000]
- [0.10694963 -0.21812063 0.00000000]
- [0.14187158 -0.25340400 0.00000000]
- [0.17827827 -0.28663681 0.00000000]
- [0.21647693 -0.31781396 0.00000000]
- [0.25578326 -0.34757673 0.00000000]
- [0.29619586 -0.37582559 0.00000000]
- [0.33759121 -0.40260989 0.00000000]
- [0.38001360 -0.42774284 0.00000000]
- [0.42314961 -0.45161918 0.00000000]
- [0.46710886 -0.47395484 0.00000000]
- [0.51163457 -0.49513522 0.00000000]
- [0.55685708 -0.51478228 0.00000000]
- [0.60250802 -0.53341779 0.00000000]
- [0.64874410 -0.55054009 0.00000000]
- [0.69540294 -0.56648391 0.00000000]
- [0.74600314 -0.58250447 0.00000000]
- [0.79424119 -0.59597869 0.00000000]
- [0.84270725 -0.60860656 0.00000000]
- [0.89150376 -0.61987563 0.00000000]
- [0.94055707 -0.62998800 0.00000000]
- [0.98978672 -0.63920176 0.00000000]
- [1.03926761 -0.64694059 0.00000000]
- [1.08887473 -0.65383961 0.00000000]
- [1.13859538 -0.65985562 0.00000000]
- [1.18845890 -0.66454135 0.00000000]
- [1.23838716 -0.66849049 0.00000000]
- [1.28837518 -0.67158052 0.00000000]
- [1.33842587 -0.67340884 0.00000000]
- [1.38849724 -0.67455361 0.00000000]
- [1.43857951 -0.67500345 0.00000000]
- [1.48865600 -0.67409117 0.00000000]
- [1.53871738 -0.67257422 0.00000000]
- [1.58494551 -0.67060677 0.00000000]
- [1.63111809 -0.66762971 0.00000000]
- [1.67724582 -0.66400736 0.00000000]
- [1.72529165 -0.65972591 0.00000000]
- [1.77326025 -0.65466044 0.00000000]
- [1.82111826 -0.64863524 0.00000000]
- [1.86890715 -0.64208183 0.00000000]
- [1.91662133 -0.63500562 0.00000000]
- [1.96418882 -0.62701308 0.00000000]
- [2.01164209 -0.61835757 0.00000000]
- [2.05901001 -0.60924604 0.00000000]
- [2.10626264 -0.59955955 0.00000000]
- [2.15332887 -0.58900079 0.00000000]
- [2.20028825 -0.57797604 0.00000000]
- [2.24714767 -0.56653435 0.00000000]
- [2.29384425 -0.55444808 0.00000000]
- [2.34036170 -0.54168615 0.00000000]
- [2.38677404 -0.52854751 0.00000000]
- [2.43308855 -0.51506767 0.00000000]
- [2.47920206 -0.50091718 0.00000000]
- [2.52517721 -0.48632199 0.00000000]
- [2.57106537 -0.47145536 0.00000000]
- [2.61685765 -0.45629617 0.00000000]
- [2.66248538 -0.44064887 0.00000000]
- [2.70801566 -0.42471971 0.00000000]
- [2.75347869 -0.40859946 0.00000000]
- [2.79886760 -0.39227196 0.00000000]
- [2.84415789 -0.37567285 0.00000000]
- [2.88938780 -0.35890965 0.00000000]
- [2.93458978 -0.34207126 0.00000000]
- [2.97976807 -0.32516941 0.00000000]
- [3.02493399 -0.30823453 0.00000000]
- [3.07009376 -0.29128325 0.00000000]
- [3.11527228 -0.27438206 0.00000000]
- [3.16049440 -0.25759788 0.00000000]
- [3.20577353 -0.24096816 0.00000000]
- [3.25110559 -0.22448328 0.00000000]
- [3.29651105 -0.20820159 0.00000000]
- [3.34204139 -0.19227326 0.00000000]
- [3.38769065 -0.17668870 0.00000000]
- [3.43301971 -0.16152174 0.00000000]
- [3.47846013 -0.14669287 0.00000000]
- [3.52408475 -0.13244062 0.00000000]
- [3.56984108 -0.11861602 0.00000000]
- [3.61572214 -0.10521148 0.00000000]
- [3.66175635 -0.09234883 0.00000000]
- [3.70799502 -0.08023544 0.00000000]
- [3.75435702 -0.06860401 0.00000000]
- [3.80085217 -0.05751902 0.00000000]
- [3.84761386 -0.04761479 0.00000000]
- [3.89449950 -0.03831585 0.00000000]
- [3.94149213 -0.02957593 0.00000000]
- [3.98866421 -0.02186757 0.00000000]
- [4.03594791 -0.01487042 0.00000000]
- [4.08426451 -0.00832552 0.00000000]
- [4.13270765 -0.00279525 0.00000000]
- [4.18124237 0.00186836 0.00000000]
- [4.22983302 0.00589630 0.00000000]
- [4.27850929 0.00870380 0.00000000]
- [4.32722597 0.01070631 0.00000000]
- [4.37597033 0.01174911 0.00000000]
- [4.42472807 0.01156768 0.00000000]
- [4.47347675 0.01062168 0.00000000]
- [4.52218184 0.00837028 0.00000000]
- [4.57084640 0.00534876 0.00000000]
- [4.61942562 0.00119281 0.00000000]
- [4.66792077 -0.00385978 0.00000000]
- [4.71629166 -0.00997876 0.00000000]
- [4.76453520 -0.01704388 0.00000000]
- [4.81265212 -0.02491821 0.00000000]
- [4.86070646 -0.03317507 0.00000000]
- [3.39702893 0.32390543 0.00000000]
- [3.39609510 0.27384602 0.00000000]
- [3.39516127 0.22378661 0.00000000]
- [3.39422744 0.17372719 0.00000000]
- [3.39329362 0.12366778 0.00000000]
- [3.39235979 0.07360837 0.00000000]
- [3.39142596 0.02354895 0.00000000]
- [3.39049213 -0.02651046 0.00000000]
- [3.38955830 -0.07656987 0.00000000]
- [3.38862448 -0.12662929 0.00000000]
- [0.76884144 0.55428772 0.00000000]
- [0.76784847 0.50486198 0.00000000]
- [0.76685550 0.45543623 0.00000000]
- [0.76586253 0.40601048 0.00000000]
- [0.76486956 0.35658473 0.00000000]
- [0.76387659 0.30715899 0.00000000]
- [0.76288362 0.25773324 0.00000000]
- [0.76189065 0.20830749 0.00000000]
- [0.76089768 0.15888174 0.00000000]
- [0.75990471 0.10945599 0.00000000]
- [0.75891174 0.06003025 0.00000000]
- [0.75791877 0.01060450 0.00000000]
- [0.75692580 -0.03882125 0.00000000]
- [0.75593283 -0.08824700 0.00000000]
- [0.75493986 -0.13767274 0.00000000]
- [0.75394689 -0.18709849 0.00000000]
- [0.75295393 -0.23652424 0.00000000]
- [0.75196096 -0.28594999 0.00000000]
- [0.75096799 -0.33537574 0.00000000]
- [0.74997502 -0.38480148 0.00000000]
- [0.74898205 -0.43422723 0.00000000]
- [0.74798908 -0.48365298 0.00000000]
- [0.74699611 -0.53307873 0.00000000]
- [1.56472084 0.62371254 0.00000000]
- [1.56375775 0.57570192 0.00000000]
- [1.56279466 0.52769130 0.00000000]
- [1.56183157 0.47968068 0.00000000]
- [1.56086848 0.43167006 0.00000000]
- [1.55990539 0.38365943 0.00000000]
- [1.55894230 0.33564881 0.00000000]
- [1.55797921 0.28763819 0.00000000]
- [1.55701611 0.23962757 0.00000000]
- [1.55605302 0.19161695 0.00000000]
- [1.55508993 0.14360633 0.00000000]
- [1.55412684 0.09559571 0.00000000]
- [1.55316375 0.04758509 0.00000000]
- [1.55220066 -0.00042553 0.00000000]
- [1.55123757 -0.04843615 0.00000000]
- [1.55027448 -0.09644677 0.00000000]
- [1.54931139 -0.14445739 0.00000000]
- [1.54834830 -0.19246802 0.00000000]
- [1.54738520 -0.24047864 0.00000000]
- [1.54642211 -0.28848926 0.00000000]
- [1.54545902 -0.33649988 0.00000000]
- [1.54449593 -0.38451050 0.00000000]
- [1.54353284 -0.43252112 0.00000000]
- [1.54256975 -0.48053174 0.00000000]
- [1.54160666 -0.52854236 0.00000000]
- [1.54064357 -0.57655298 0.00000000]
- [1.53968048 -0.62456360 0.00000000]
elements:
- [1 2]
- [2 3]
- [3 4]
- [4 5]
- [5 6]
- [6 7]
- [7 8]
- [8 9]
- [9 10]
- [10 11]
- [11 12]
- [12 13]
- [13 14]
- [14 15]
- [15 16]
- [16 17]
- [17 18]
- [18 19]
- [19 20]
- [20 21]
- [21 22]
- [22 23]
- [23 24]
- [24 25]
- [25 26]
- [26 27]
- [27 28]
- [28 29]
- [29 30]
- [30 31]
- [31 32]
- [32 33]
- [33 34]
- [34 35]
- [35 36]
- [36 37]
- [37 38]
- [38 39]
- [39 40]
- [40 41]
- [41 42]
- [42 43]
- [43 44]
- [44 45]
- [45 46]
- [46 47]
- [47 48]
- [48 49]
- [49 50]
- [50 51]
- [51 52]
- [52 53]
- [53 54]
- [54 55]
- [55 56]
- [56 57]
- [57 58]
- [58 59]
- [59 60]
- [60 61]
- [61 62]
- [62 63]
- [63 64]
- [64 65]
- [65 66]
- [66 67]
- [67 68]
- [68 69]
- [69 70]
- [70 71]
- [71 72]
- [72 73]
- [73 74]
- [74 75]
- [75 76]
- [76 77]
- [77 78]
- [78 79]
- [79 80]
- [80 81]
- [81 82]
- [82 83]
- [83 84]
- [84 85]
- [85 86]
- [86 87]
- [87 88]
- [88 89]
- [89 90]
- [90 91]
- [91 92]
- [92 93]
- [93 94]
- [94 95]
- [95 96]
- [96 97]
- [97 98]
- [98 99]
- [99 100]
- [100 101]
- [101 102]
- [102 103]
- [103 104]
- [104 105]
- [105 106]
- [106 107]
- [107 108]
- [108 109]
- [109 110]
- [110 111]
- [111 112]
- [112 113]
- [113 114]
- [114 115]
- [115 116]
- [116 117]
- [117 118]
- [118 119]
- [119 120]
- [120 121]
- [121 122]
- [122 123]
- [123 124]
- [124 125]
- [125 126]
- [126 127]
- [127 128]
- [128 129]
- [129 130]
- [130 131]
- [131 132]
- [132 133]
- [133 134]
- [134 135]
- [135 136]
- [136 137]
- [137 138]
- [138 139]
- [139 140]
- [140 141]
- [141 142]
- [142 143]
- [143 144]
- [144 145]
- [145 146]
- [146 147]
- [147 148]
- [148 149]
- [149 150]
- [150 151]
- [151 152]
- [152 153]
- [153 154]
- [154 155]
- [155 156]
- [156 157]
- [157 158]
- [158 159]
- [159 160]
- [160 161]
- [161 162]
- [162 163]
- [163 164]
- [164 165]
- [165 166]
- [166 167]
- [167 168]
- [168 169]
- [169 170]
- [170 171]
- [171 172]
- [172 173]
- [173 174]
- [174 175]
- [175 176]
- [176 177]
- [177 178]
- [178 179]
- [179 180]
- [180 181]
- [181 182]
- [182 183]
- [183 184]
- [184 185]
- [185 186]
- [186 187]
- [187 188]
- [188 189]
- [189 190]
- [190 191]
- [191 192]
- [192 193]
- [193 194]
- [194 195]
- [195 196]
- [196 197]
- [197 198]
- [198 199]
- [199 200]
- [200 201]
- [201 202]
- [202 203]
- [203 204]
- [204 205]
- [205 206]
- [206 207]
- [207 208]
- [208 209]
- [209 210]
- [210 211]
- [211 212]
- [212 213]
- [213 214]
- [214 1]
- [32 215]
- [215 216]
- [216 217]
- [217 218]
- [218 219]
- [219 220]
- [220 221]
- [221 222]
- [222 223]
- [223 224]
- [224 183]
- [86 225]
- [225 226]
- [226 227]
- [227 228]
- [228 229]
- [229 230]
- [230 231]
- [231 232]
- [232 233]
- [233 234]
- [234 235]
- [235 236]
- [236 237]
- [237 238]
- [238 239]
- [239 240]
- [240 241]
- [241 242]
- [242 243]
- [243 244]
- [244 245]
- [245 246]
- [246 247]
- [247 127]
- [70 248]
- [248 249]
- [249 250]
- [250 251]
- [251 252]
- [252 253]
- [253 254]
- [254 255]
- [255 256]
- [256 257]
- [257 258]
- [258 259]
- [259 260]
- [260 261]
- [261 262]
- [262 263]
- [263 264]
- [264 265]
- [265 266]
- [266 267]
- [267 268]
- [268 269]
- [269 270]
- [270 271]
- [271 272]
- [272 273]
- [273 274]
- [274 143]
sets:
  element:
  - name: layup_0
    labels:
    - 1
    - 2
    - 3
    - 4
    - 5
    - 6
    - 7
    - 8
    - 9
    - 10
    - 11
    - 12
    - 13
    - 14
    - 15
    - 16
    - 17
    - 197
    - 198
    - 199
    - 200
    - 201
    - 202
    - 203
    - 204
    - 205
    - 206
    - 207
    - 208
    - 209
    - 210
    - 211
    - 212
    - 213
    - 214
  - name: layup_1
    labels:
    - 18
    - 19
    - 20
    - 21
    - 22
    - 23
    - 24
    - 25
    - 26
    - 27
    - 28
    - 29
    - 30
    - 31
    - 32
    - 33
    - 34
    - 35
    - 36
    - 37
    - 38
    - 39
    - 40
    - 41
    - 42
    - 43
    - 44
    - 45
    - 46
    - 47
    - 48
    - 49
    - 50
    - 51
    - 52
    - 53
    - 54
    - 55
    - 56
    - 57
    - 58
    - 59
    - 60
    - 61
    - 62
    - 63
    - 64
    - 65
    - 66
    - 67
    - 88
    - 89
    - 90
    - 91
    - 92
    - 93
    - 94
    - 95
    - 96
    - 97
    - 98
    - 99
    - 100
    - 113
    - 114
    - 115
    - 116
    - 117
    - 118
    - 119
    - 120
    - 121
    - 122
    - 123
    - 124
    - 125
    - 146
    - 147
    - 148
    - 149
    - 150
    - 151
    - 152
    - 153
    - 154
    - 155
    - 156
    - 157
    - 158
    - 159
    - 160
    - 161
    - 162
    - 163
    - 164
    - 165
    - 166
    - 167
    - 168
    - 169
    - 170
    - 171
    - 172
    - 173
    - 174
    - 175
    - 176
    - 177
    - 178
    - 179
    - 180
    - 181
    - 182
    - 183
    - 184
    - 185
    - 186
    - 187
    - 188
    - 189
    - 190
    - 191
    - 192
    - 193
    - 194
    - 195
    - 196
  - name: layup_2
    labels:
    - 68
    - 69
    - 70
    - 71
    - 72
    - 73
    - 74
    - 75
    - 76
    - 77
    - 78
    - 79
    - 80
    - 81
    - 82
    - 83
    - 84
    - 85
    - 86
    - 87
  - name: layup_3
    labels:
    - 101
    - 102
    - 103
    - 104
    - 105
    - 106
    - 107
    - 108
    - 109
    - 110
    - 111
    - 112
  - name: layup_4
    labels:
    - 126
    - 127
    - 128
    - 129
    - 130
    - 131
    - 132
    - 133
    - 134
    - 135
    - 136
    - 137
    - 138
    - 139
    - 140
    - 141
    - 142
    - 143
    - 144
    - 145
  - name: layup_5
    labels:
    - 215
    - 216
    - 217
    - 218
    - 219
    - 220
    - 221
    - 222
    - 223
    - 224
    - 225
    - 226
    - 227
    - 228
    - 229
    - 230
    - 231
    - 232
    - 233
    - 234
    - 235
    - 236
    - 237
    - 238
    - 239
    - 240
    - 241
    - 242
    - 243
    - 244
    - 245
    - 246
    - 247
    - 248
    - 249
    - 250
    - 251
    - 252
    - 253
    - 254
    - 255
    - 256
    - 257
    - 258
    - 259
    - 260
    - 261
    - 262
    - 263
    - 264
    - 265
    - 266
    - 267
    - 268
    - 269
    - 270
    - 271
    - 272
    - 273
    - 274
    - 275
    - 276
    - 277
sections:
- type: shell
  elementSet: layup_0
  layup:
  - - gelcoat
    - 0.0005
    - 0.0
  - - glass_triax
    - 0.003
    - 0.0
  - - glass_uniax
    - 0.01402367
    - 0.0
  - - glass_triax
    - 0.003
    - 0.0
- type: shell
  elementSet: layup_1
  layup:
  - - gelcoat
    - 0.0005
    - 0.0
  - - glass_triax
    - 0.003
    - 0.0
  - - medium_density_foam
    - 0.0425
    - 0.0
  - - glass_triax
    - 0.003
    - 0.0
- type: shell
  elementSet: layup_2
  layup:
  - - gelcoat
    - 0.0005
    - 0.0
  - - glass_triax
    - 0.003
    - 0.0
  - - carbon_uniax
    - 0.0670263
    - 0.0
  - - glass_triax
    - 0.003
    - 0.0
- type: shell
  elementSet: layup_3
  layup:
  - - gelcoat
    - 0.0005
    - 0.0
  - - glass_triax
    - 0.003
    - 0.0
  - - glass_uniax
    - 0.01102071
    - 0.0
  - - glass_triax
    - 0.003
    - 0.0
- type: shell
  elementSet: layup_4
  layup:
  - - gelcoat
    - 0.0005
    - 0.0
  - - glass_triax
    - 0.003
    - 0.0
  - - carbon_uniax
    - 0.0660444
    - 0.0
  - - glass_triax
    - 0.003
    - 0.0
- type: shell
  elementSet: layup_5
  layup:
  - - glass_biax
    - 0.002
    - 0.0
  - - medium_density_foam
    - 0.03
    - 0.0
  - - glass_biax
    - 0.002
    - 0.0
elementOrientations:
- [0.0, 0.0, 1.0, -0.9757417513577749, 0.2189247237231609, 0.0, -0.2189247237231609,
  -0.9757417513577749, 0.0]
- [0.0, 0.0, 1.0, -0.9758488654512412, 0.21844677108514443, 0.0, -0.21844677108514443,
  -0.9758488654512412, 0.0]
- [0.0, 0.0, 1.0, -0.9760845508296654, 0.21739123632669807, 0.0, -0.21739123632669807,
  -0.9760845508296654, 0.0]
- [0.0, 0.0, 1.0, -0.9760894703024856, 0.2173691467633182, 0.0, -0.2173691467633182,
  -0.9760894703024856, 0.0]
- [0.0, 0.0, 1.0, -0.9762341596181616, 0.21671840160591205, 0.0, -0.21671840160591205,
  -0.9762341596181616, 0.0]
- [0.0, 0.0, 1.0, -0.9761613907516243, 0.21704593800818936, 0.0, -0.21704593800818936,
  -0.9761613907516243, 0.0]
- [0.0, 0.0, 1.0, -0.9758022145807322, 0.21865506630155745, 0.0, -0.21865506630155745,
  -0.9758022145807322, 0.0]
- [0.0, 0.0, 1.0, -0.9755565551860518, 0.2197485099688363, 0.0, -0.2197485099688363,
  -0.9755565551860518, 0.0]
- [0.0, 0.0, 1.0, -0.9748686316985624, 0.22278049943873598, 0.0, -0.22278049943873598,
  -0.9748686316985624, 0.0]
- [0.0, 0.0, 1.0, -0.9746889080284827, 0.22356549949901489, 0.0, -0.22356549949901489,
  -0.9746889080284827, 0.0]
- [0.0, 0.0, 1.0, -0.9744074970301905, 0.2247888558878299, 0.0, -0.2247888558878299,
  -0.9744074970301905, 0.0]
- [0.0, 0.0, 1.0, -0.9741129053493929, 0.2260620437662299, 0.0, -0.2260620437662299,
  -0.9741129053493929, 0.0]
- [0.0, 0.0, 1.0, -0.9739660787694613, 0.226693796576879, 0.0, -0.226693796576879,
  -0.9739660787694613, 0.0]
- [0.0, 0.0, 1.0, -0.9736097545599903, 0.22821929328090412, 0.0, -0.22821929328090412,
  -0.9736097545599903, 0.0]
- [0.0, 0.0, 1.0, -0.9734554796232817, 0.22887644962163908, 0.0, -0.22887644962163908,
  -0.9734554796232817, 0.0]
- [0.0, 0.0, 1.0, -0.9732492086010573, 0.229751992281711, 0.0, -0.229751992281711,
  -0.9732492086010573, 0.0]
- [0.0, 0.0, 1.0, -0.9731814922498256, 0.2300386557568151, 0.0, -0.2300386557568151,
  -0.9731814922498256, 0.0]
- [0.0, 0.0, 1.0, -0.9731461211898319, 0.23018824212627578, 0.0, -0.23018824212627578,
  -0.9731461211898319, 0.0]
- [0.0, 0.0, 1.0, -0.9729867367987346, 0.23086101882680424, 0.0, -0.23086101882680424,
  -0.9729867367987346, 0.0]
- [0.0, 0.0, 1.0, -0.972943416294228, 0.23104352120264418, 0.0, -0.23104352120264418,
  -0.972943416294228, 0.0]
- [0.0, 0.0, 1.0, -0.9729430882542756, 0.2310449026017086, 0.0, -0.2310449026017086,
  -0.9729430882542756, 0.0]
- [0.0, 0.0, 1.0, -0.9729701092647305, 0.23093108599185694, 0.0, -0.23093108599185694,
  -0.9729701092647305, 0.0]
- [0.0, 0.0, 1.0, -0.9730528109726474, 0.2305823650200277, 0.0, -0.2305823650200277,
  -0.9730528109726474, 0.0]
- [0.0, 0.0, 1.0, -0.9731109000123452, 0.23033709270797736, 0.0, -0.23033709270797736,
  -0.9731109000123452, 0.0]
- [0.0, 0.0, 1.0, -0.9730635687174561, 0.23053696283860514, 0.0, -0.23053696283860514,
  -0.9730635687174561, 0.0]
- [0.0, 0.0, 1.0, -0.9733020050306948, 0.22952822702933443, 0.0, -0.22952822702933443,
  -0.9733020050306948, 0.0]
- [0.0, 0.0, 1.0, -0.973420466200782, 0.2290253173373027, 0.0, -0.2290253173373027,
  -0.973420466200782, 0.0]
- [0.0, 0.0, 1.0, -0.9736280834666889, 0.2281410859204935, 0.0, -0.2281410859204935,
  -0.9736280834666889, 0.0]
- [0.0, 0.0, 1.0, -0.9737145127052472, 0.2277719204537359, 0.0, -0.2277719204537359,
  -0.9737145127052472, 0.0]
- [0.0, 0.0, 1.0, -0.9741436685847289, 0.22592944242901578, 0.0, -0.22592944242901578,
  -0.9741436685847289, 0.0]
- [0.0, 0.0, 1.0, -0.9743891464832226, 0.22486838643014484, 0.0, -0.22486838643014484,
  -0.9743891464832226, 0.0]
- [0.0, 0.0, 1.0, -0.9745466299966659, 0.22418489235927924, 0.0, -0.22418489235927924,
  -0.9745466299966659, 0.0]
- [0.0, 0.0, 1.0, -0.9750143713346071, 0.22214179186047123, 0.0, -0.22214179186047123,
  -0.9750143713346071, 0.0]
- [0.0, 0.0, 1.0, -0.975500354780392, 0.21999785867896404, 0.0, -0.21999785867896404,
  -0.975500354780392, 0.0]
- [0.0, 0.0, 1.0, -0.9755957259669897, 0.2195745419554427, 0.0, -0.2195745419554427,
  -0.9755957259669897, 0.0]
- [0.0, 0.0, 1.0, -0.976156398373758, 0.21706838994651687, 0.0, -0.21706838994651687,
  -0.976156398373758, 0.0]
- [0.0, 0.0, 1.0, -0.976657945038437, 0.2148005083636854, 0.0, -0.2148005083636854,
  -0.976657945038437, 0.0]
- [0.0, 0.0, 1.0, -0.9771018799329062, 0.21277198178233095, 0.0, -0.21277198178233095,
  -0.9771018799329062, 0.0]
- [0.0, 0.0, 1.0, -0.9774870358148219, 0.2109954852928213, 0.0, -0.2109954852928213,
  -0.9774870358148219, 0.0]
- [0.0, 0.0, 1.0, -0.9779147206183973, 0.2090043042567345, 0.0, -0.2090043042567345,
  -0.9779147206183973, 0.0]
- [0.0, 0.0, 1.0, -0.9787715238865018, 0.20495439499775356, 0.0, -0.20495439499775356,
  -0.9787715238865018, 0.0]
- [0.0, 0.0, 1.0, -0.9790437211519017, 0.20365017081514328, 0.0, -0.20365017081514328,
  -0.9790437211519017, 0.0]
- [0.0, 0.0, 1.0, -0.9796183365252457, 0.20086790371662275, 0.0, -0.20086790371662275,
  -0.9796183365252457, 0.0]
- [0.0, 0.0, 1.0, -0.9803458762373475, 0.19728649965070466, 0.0, -0.19728649965070466,
  -0.9803458762373475, 0.0]
- [0.0, 0.0, 1.0, -0.9810850343676525, 0.1935772593561084, 0.0, -0.1935772593561084,
  -0.9810850343676525, 0.0]
- [0.0, 0.0, 1.0, -0.9814818017451429, 0.19155540410833613, 0.0, -0.19155540410833613,
  -0.9814818017451429, 0.0]
- [0.0, 0.0, 1.0, -0.9820341249952093, 0.18870341105791835, 0.0, -0.18870341105791835,
  -0.9820341249952093, 0.0]
- [0.0, 0.0, 1.0, -0.9830168253846421, 0.1835154516946732, 0.0, -0.1835154516946732,
  -0.9830168253846421, 0.0]
- [0.0, 0.0, 1.0, -0.9836556673196473, 0.18005979048621512, 0.0, -0.18005979048621512,
  -0.9836556673196473, 0.0]
- [0.0, 0.0, 1.0, -0.9842297614432802, 0.17689481815277638, 0.0, -0.17689481815277638,
  -0.9842297614432802, 0.0]
- [0.0, 0.0, 1.0, -0.9848796690195986, 0.17323982669076463, 0.0, -0.17323982669076463,
  -0.9848796690195986, 0.0]
- [0.0, 0.0, 1.0, -0.9859628160374201, 0.16696504242373747, 0.0, -0.16696504242373747,
  -0.9859628160374201, 0.0]
- [0.0, 0.0, 1.0, -0.9866251331259783, 0.16300566457686555, 0.0, -0.16300566457686555,
  -0.9866251331259783, 0.0]
- [0.0, 0.0, 1.0, -0.9871679240100959, 0.15968559673808339, 0.0, -0.15968559673808339,
  -0.9871679240100959, 0.0]
- [0.0, 0.0, 1.0, -0.9883272764709252, 0.15234564182661617, 0.0, -0.15234564182661617,
  -0.9883272764709252, 0.0]
- [0.0, 0.0, 1.0, -0.9892950405732697, 0.1459291701378885, 0.0, -0.1459291701378885,
  -0.9892950405732697, 0.0]
- [0.0, 0.0, 1.0, -0.9899409134594037, 0.14148140464089734, 0.0, -0.14148140464089734,
  -0.9899409134594037, 0.0]
- [0.0, 0.0, 1.0, -0.9905151854093226, 0.1374033022657576, 0.0, -0.1374033022657576,
  -0.9905151854093226, 0.0]
- [0.0, 0.0, 1.0, -0.9919682796449125, 0.12648688540047373, 0.0, -0.12648688540047373,
  -0.9919682796449125, 0.0]
- [0.0, 0.0, 1.0, -0.9926119074957661, 0.12133260525356114, 0.0, -0.12133260525356114,
  -0.9926119074957661, 0.0]
- [0.0, 0.0, 1.0, -0.9932246907743997, 0.11620978287604744, 0.0, -0.11620978287604744,
  -0.9932246907743997, 0.0]
- [0.0, 0.0, 1.0, -0.9942557036485944, 0.10703081688111271, 0.0, -0.10703081688111271,
  -0.9942557036485944, 0.0]
- [0.0, 0.0, 1.0, -0.9952004681116454, 0.0978571830289531, 0.0, -0.0978571830289531,
  -0.9952004681116454, 0.0]
- [0.0, 0.0, 1.0, -0.9957530538822722, 0.09206441051855396, 0.0, -0.09206441051855396,
  -0.9957530538822722, 0.0]
- [0.0, 0.0, 1.0, -0.9964136708829731, 0.0846155805837091, 0.0, -0.0846155805837091,
  -0.9964136708829731, 0.0]
- [0.0, 0.0, 1.0, -0.9974857460596378, 0.07086738606614194, 0.0, -0.07086738606614194,
  -0.9974857460596378, 0.0]
- [0.0, 0.0, 1.0, -0.9979367883548553, 0.06420409993136401, 0.0, -0.06420409993136401,
  -0.9979367883548553, 0.0]
- [0.0, 0.0, 1.0, -0.9984434606795163, 0.05577325368230842, 0.0, -0.05577325368230842,
  -0.9984434606795163, 0.0]
- [0.0, 0.0, 1.0, -0.999153397777626, 0.0411398554861978, 0.0, -0.0411398554861978,
  -0.999153397777626, 0.0]
- [0.0, 0.0, 1.0, -0.999536784884152, 0.030433791473499488, 0.0, -0.030433791473499488,
  -0.999536784884152, 0.0]
- [0.0, 0.0, 1.0, -0.9997525714709186, 0.022244006772292598, 0.0, -0.022244006772292598,
  -0.9997525714709186, 0.0]
- [0.0, 0.0, 1.0, -0.9999813662904391, 0.0061046762327561345, 0.0, -0.0061046762327561345,
  -0.9999813662904391, 0.0]
- [0.0, 0.0, 1.0, -0.9999673409060432, -0.00808190084678494, 0.0, 0.00808190084678494,
  -0.9999673409060432, 0.0]
- [0.0, 0.0, 1.0, -0.9998194008781837, -0.019004358120964165, 0.0, 0.019004358120964165,
  -0.9998194008781837, 0.0]
- [0.0, 0.0, 1.0, -0.99936571649424, -0.03561130011603807, 0.0, 0.03561130011603807,
  -0.99936571649424, 0.0]
- [0.0, 0.0, 1.0, -0.9985866672903935, -0.05314760493065369, 0.0, 0.05314760493065369,
  -0.9985866672903935, 0.0]
- [0.0, 0.0, 1.0, -0.9978418457301841, -0.06566316250211587, 0.0, 0.06566316250211587,
  -0.9978418457301841, 0.0]
- [0.0, 0.0, 1.0, -0.9963393618380557, -0.08548611613669148, 0.0, 0.08548611613669148,
  -0.9963393618380557, 0.0]
- [0.0, 0.0, 1.0, -0.9945561967419233, -0.10420159078555714, 0.0, 0.10420159078555714,
  -0.9945561967419233, 0.0]
- [0.0, 0.0, 1.0, -0.9930974997150116, -0.11729175614591468, 0.0, 0.11729175614591468,
  -0.9930974997150116, 0.0]
- [0.0, 0.0, 1.0, -0.9895871361641367, -0.14393505458526146, 0.0, 0.14393505458526146,
  -0.9895871361641367, 0.0]
- [0.0, 0.0, 1.0, -0.9866151558756329, -0.16306604243833472, 0.0, 0.16306604243833472,
  -0.9866151558756329, 0.0]
- [0.0, 0.0, 1.0, -0.9834452392451329, -0.18120557774550772, 0.0, 0.18120557774550772,
  -0.9834452392451329, 0.0]
- [0.0, 0.0, 1.0, -0.9774707119373254, -0.21107109537958596, 0.0, 0.21107109537958596,
  -0.9774707119373254, 0.0]
- [0.0, 0.0, 1.0, -0.9734578794112637, -0.22886624262246597, 0.0, 0.22886624262246597,
  -0.9734578794112637, 0.0]
- [0.0, 0.0, 1.0, -0.9676874001782562, -0.25215292093538716, 0.0, 0.25215292093538716,
  -0.9676874001782562, 0.0]
- [0.0, 0.0, 1.0, -0.9595414062244397, -0.2815675580403837, 0.0, 0.2815675580403837,
  -0.9595414062244397, 0.0]
- [0.0, 0.0, 1.0, -0.9543615794846185, -0.29865360470555863, 0.0, 0.29865360470555863,
  -0.9543615794846185, 0.0]
- [0.0, 0.0, 1.0, -0.943003041269782, -0.3327841104318864, 0.0, 0.3327841104318864,
  -0.943003041269782, 0.0]
- [0.0, 0.0, 1.0, -0.9339365721224054, -0.3574387769286529, 0.0, 0.3574387769286529,
  -0.9339365721224054, 0.0]
- [0.0, 0.0, 1.0, -0.922902772138627, -0.38503308062923325, 0.0, 0.38503308062923325,
  -0.922902772138627, 0.0]
- [0.0, 0.0, 1.0, -0.9087565829867694, -0.41732657820729685, 0.0, 0.41732657820729685,
  -0.9087565829867694, 0.0]
- [0.0, 0.0, 1.0, -0.8956051462679535, -0.44484988701623573, 0.0, 0.44484988701623573,
  -0.8956051462679535, 0.0]
- [0.0, 0.0, 1.0, -0.876570992749441, -0.4812725783485484, 0.0, 0.4812725783485484,
  -0.876570992749441, 0.0]
- [0.0, 0.0, 1.0, -0.8605559352847368, -0.5093559484743568, 0.0, 0.5093559484743568,
  -0.8605559352847368, 0.0]
- [0.0, 0.0, 1.0, -0.833938412170869, -0.5518575221068659, 0.0, 0.5518575221068659,
  -0.833938412170869, 0.0]
- [0.0, 0.0, 1.0, -0.8126481777606308, -0.5827546131797897, 0.0, 0.5827546131797897,
  -0.8126481777606308, 0.0]
- [0.0, 0.0, 1.0, -0.7787675390835173, -0.6273126174960953, 0.0, 0.6273126174960953,
  -0.7787675390835173, 0.0]
- [0.0, 0.0, 1.0, -0.7404357126355303, -0.6721271869623444, 0.0, 0.6721271869623444,
  -0.7404357126355303, 0.0]
- [0.0, 0.0, 1.0, -0.7059567545823044, -0.708254940441378, 0.0, 0.708254940441378,
  -0.7059567545823044, 0.0]
- [0.0, 0.0, 1.0, -0.6582798493409464, -0.7527732991755625, 0.0, 0.7527732991755625,
  -0.6582798493409464, 0.0]
- [0.0, 0.0, 1.0, -0.5929908170345279, -0.8052092218254353, 0.0, 0.8052092218254353,
  -0.5929908170345279, 0.0]
- [0.0, 0.0, 1.0, -0.5121712018327593, -0.8588833797513996, 0.0, 0.8588833797513996,
  -0.5121712018327593, 0.0]
- [0.0, 0.0, 1.0, -0.4012478380843551, -0.9159695259301103, 0.0, 0.9159695259301103,
  -0.4012478380843551, 0.0]
- [0.0, 0.0, 1.0, -0.25615074372218694, -0.9666368482995931, 0.0, 0.9666368482995931,
  -0.25615074372218694, 0.0]
- [0.0, 0.0, 1.0, -0.09918321125311652, -0.9950691888534785, 0.0, 0.9950691888534785,
  -0.09918321125311652, 0.0]
- [0.0, 0.0, 1.0, 0.10668920993355198, -0.9942924179957093, 0.0, 0.9942924179957093,
  0.10668920993355198, 0.0]
- [0.0, 0.0, 1.0, 0.33728241951120636, -0.9414035104505754, 0.0, 0.9414035104505754,
  0.33728241951120636, 0.0]
- [0.0, 0.0, 1.0, 0.47502980826833363, -0.8799697047379247, 0.0, 0.8799697047379247,
  0.47502980826833363, 0.0]
- [0.0, 0.0, 1.0, 0.5736461275387426, -0.8191032415756909, 0.0, 0.8191032415756909,
  0.5736461275387426, 0.0]
- [0.0, 0.0, 1.0, 0.6463249561774532, -0.763062285152538, 0.0, 0.763062285152538,
  0.6463249561774532, 0.0]
- [0.0, 0.0, 1.0, 0.7034571619474043, -0.710737659973709, 0.0, 0.710737659973709,
  0.7034571619474043, 0.0]
- [0.0, 0.0, 1.0, 0.7385671444363229, -0.6741799263988627, 0.0, 0.6741799263988627,
  0.7385671444363229, 0.0]
- [0.0, 0.0, 1.0, 0.7747151281640556, -0.6323104223352252, 0.0, 0.6323104223352252,
  0.7747151281640556, 0.0]
- [0.0, 0.0, 1.0, 0.7972362242792119, -0.6036674603596138, 0.0, 0.6036674603596138,
  0.7972362242792119, 0.0]
- [0.0, 0.0, 1.0, 0.8196124521351837, -0.5729183434879277, 0.0, 0.5729183434879277,
  0.8196124521351837, 0.0]
- [0.0, 0.0, 1.0, 0.8395786777487739, -0.5432381097360718, 0.0, 0.5432381097360718,
  0.8395786777487739, 0.0]
- [0.0, 0.0, 1.0, 0.8603470340346064, -0.50970872174984, 0.0, 0.50970872174984, 0.8603470340346064,
  0.0]
- [0.0, 0.0, 1.0, 0.8749149288380331, -0.4842766433520611, 0.0, 0.4842766433520611,
  0.8749149288380331, 0.0]
- [0.0, 0.0, 1.0, 0.8915202910012614, -0.4529807619899837, 0.0, 0.4529807619899837,
  0.8915202910012614, 0.0]
- [0.0, 0.0, 1.0, 0.9030362989672647, -0.42956424752009437, 0.0, 0.42956424752009437,
  0.9030362989672647, 0.0]
- [0.0, 0.0, 1.0, 0.9171805294778261, -0.39847192667335374, 0.0, 0.39847192667335374,
  0.9171805294778261, 0.0]
- [0.0, 0.0, 1.0, 0.9258301177727585, -0.377939933091067, 0.0, 0.377939933091067,
  0.9258301177727585, 0.0]
- [0.0, 0.0, 1.0, 0.9377631064848204, -0.347275619812188, 0.0, 0.347275619812188,
  0.9377631064848204, 0.0]
- [0.0, 0.0, 1.0, 0.9462782934913753, -0.32335335357322426, 0.0, 0.32335335357322426,
  0.9462782934913753, 0.0]
- [0.0, 0.0, 1.0, 0.9533575980704694, -0.301843154968446, 0.0, 0.301843154968446,
  0.9533575980704694, 0.0]
- [0.0, 0.0, 1.0, 0.9631320259334071, -0.2690291817283226, 0.0, 0.2690291817283226,
  0.9631320259334071, 0.0]
- [0.0, 0.0, 1.0, 0.9676925472791778, -0.25213316707711475, 0.0, 0.25213316707711475,
  0.9676925472791778, 0.0]
- [0.0, 0.0, 1.0, 0.9743547235839801, -0.2250174940523195, 0.0, 0.2250174940523195,
  0.9743547235839801, 0.0]
- [0.0, 0.0, 1.0, 0.9794051274398504, -0.20190491906967065, 0.0, 0.20190491906967065,
  0.9794051274398504, 0.0]
- [0.0, 0.0, 1.0, 0.9829328680950189, -0.18396460751595672, 0.0, 0.18396460751595672,
  0.9829328680950189, 0.0]
- [0.0, 0.0, 1.0, 0.9879893702155708, -0.15452185716279665, 0.0, 0.15452185716279665,
  0.9879893702155708, 0.0]
- [0.0, 0.0, 1.0, 0.9904673791325271, -0.13774748953916707, 0.0, 0.13774748953916707,
  0.9904673791325271, 0.0]
- [0.0, 0.0, 1.0, 0.9927593742678077, -0.12012004330415013, 0.0, 0.12012004330415013,
  0.9927593742678077, 0.0]
- [0.0, 0.0, 1.0, 0.9956137421964395, -0.09355894585554896, 0.0, 0.09355894585554896,
  0.9956137421964395, 0.0]
- [0.0, 0.0, 1.0, 0.9968864907737051, -0.07885001276402896, 0.0, 0.07885001276402896,
  0.9968864907737051, 0.0]
- [0.0, 0.0, 1.0, 0.9980948771587979, -0.06169778107326275, 0.0, 0.06169778107326275,
  0.9980948771587979, 0.0]
- [0.0, 0.0, 1.0, 0.9993334691738718, -0.036505032377935266, 0.0, 0.036505032377935266,
  0.9993334691738718, 0.0]
- [0.0, 0.0, 1.0, 0.9997387494749699, -0.022856788886970025, 0.0, 0.022856788886970025,
  0.9997387494749699, 0.0]
- [0.0, 0.0, 1.0, 0.9999596654199533, -0.008981510631014017, 0.0, 0.008981510631014017,
  0.9999596654199533, 0.0]
- [0.0, 0.0, 1.0, 0.99983409840256, 0.018214710306230793, 0.0, -0.018214710306230793,
  0.99983409840256, 0.0]
- [0.0, 0.0, 1.0, 0.9995412208622513, 0.03028774995274867, 0.0, -0.03028774995274867,
  0.9995412208622513, 0.0]
- [0.0, 0.0, 1.0, 0.9990955647442106, 0.04252120069385205, 0.0, -0.04252120069385205,
  0.9990955647442106, 0.0]
- [0.0, 0.0, 1.0, 0.9979278340287984, 0.06434312760964557, 0.0, -0.06434312760964557,
  0.9979278340287984, 0.0]
- [0.0, 0.0, 1.0, 0.996930811290823, 0.0782876586635564, 0.0, -0.0782876586635564,
  0.996930811290823, 0.0]
- [0.0, 0.0, 1.0, 0.9960530367843802, 0.08876005809267122, 0.0, -0.08876005809267122,
  0.9960530367843802, 0.0]
- [0.0, 0.0, 1.0, 0.9944705414228421, 0.10501591423284076, 0.0, -0.10501591423284076,
  0.9944705414228421, 0.0]
- [0.0, 0.0, 1.0, 0.9921679143848987, 0.12491128718062444, 0.0, -0.12491128718062444,
  0.9921679143848987, 0.0]
- [0.0, 0.0, 1.0, 0.9907279018229213, 0.1358610486841323, 0.0, -0.1358610486841323,
  0.9907279018229213, 0.0]
- [0.0, 0.0, 1.0, 0.9891810904103975, 0.1466995922778831, 0.0, -0.1466995922778831,
  0.9891810904103975, 0.0]
- [0.0, 0.0, 1.0, 0.986175782784943, 0.16570252094794766, 0.0, -0.16570252094794766,
  0.986175782784943, 0.0]
- [0.0, 0.0, 1.0, 0.983768919837882, 0.17943999654761236, 0.0, -0.17943999654761236,
  0.983768919837882, 0.0]
- [0.0, 0.0, 1.0, 0.981997512511053, 0.1888938469672964, 0.0, -0.1888938469672964,
  0.981997512511053, 0.0]
- [0.0, 0.0, 1.0, 0.9796286645806552, 0.2008175279499328, 0.0, -0.2008175279499328,
  0.9796286645806552, 0.0]
- [0.0, 0.0, 1.0, 0.97574780593931, 0.21889773686500819, 0.0, -0.21889773686500819,
  0.97574780593931, 0.0]
- [0.0, 0.0, 1.0, 0.9735303634094461, 0.2285577203243673, 0.0, -0.2285577203243673,
  0.9735303634094461, 0.0]
- [0.0, 0.0, 1.0, 0.9714603447438362, 0.23720202062838097, 0.0, -0.23720202062838097,
  0.9714603447438362, 0.0]
- [0.0, 0.0, 1.0, 0.968098805688044, 0.25056875787971405, 0.0, -0.25056875787971405,
  0.968098805688044, 0.0]
- [0.0, 0.0, 1.0, 0.9643661968177695, 0.26457104610147963, 0.0, -0.26457104610147963,
  0.9643661968177695, 0.0]
- [0.0, 0.0, 1.0, 0.9621893488551765, 0.27238145485633114, 0.0, -0.27238145485633114,
  0.9621893488551765, 0.0]
- [0.0, 0.0, 1.0, 0.9601589838561008, 0.27945433566223293, 0.0, -0.27945433566223293,
  0.9601589838561008, 0.0]
- [0.0, 0.0, 1.0, 0.9560018021351545, 0.29336079205363663, 0.0, -0.29336079205363663,
  0.9560018021351545, 0.0]
- [0.0, 0.0, 1.0, 0.9531248716833415, 0.3025772281230258, 0.0, -0.3025772281230258,
  0.9531248716833415, 0.0]
- [0.0, 0.0, 1.0, 0.9513201881299137, 0.30820431479209626, 0.0, -0.30820431479209626,
  0.9513201881299137, 0.0]
- [0.0, 0.0, 1.0, 0.9493337190134775, 0.31426977255860866, 0.0, -0.31426977255860866,
  0.9493337190134775, 0.0]
- [0.0, 0.0, 1.0, 0.9459236725638215, 0.32438928108581544, 0.0, -0.32438928108581544,
  0.9459236725638215, 0.0]
- [0.0, 0.0, 1.0, 0.9438999336618447, 0.3302316084707297, 0.0, -0.3302316084707297,
  0.9438999336618447, 0.0]
- [0.0, 0.0, 1.0, 0.942504799596227, 0.33419261323086674, 0.0, -0.33419261323086674,
  0.942504799596227, 0.0]
- [0.0, 0.0, 1.0, 0.9409700032160709, 0.3384899600395073, 0.0, -0.3384899600395073,
  0.9409700032160709, 0.0]
- [0.0, 0.0, 1.0, 0.9389254191680775, 0.344120701556954, 0.0, -0.344120701556954,
  0.9389254191680775, 0.0]
- [0.0, 0.0, 1.0, 0.9376719148742385, 0.3475217691829949, 0.0, -0.3475217691829949,
  0.9376719148742385, 0.0]
- [0.0, 0.0, 1.0, 0.9370926783270086, 0.3490806672187869, 0.0, -0.3490806672187869,
  0.9370926783270086, 0.0]
- [0.0, 0.0, 1.0, 0.9366016160829549, 0.35039607981653703, 0.0, -0.35039607981653703,
  0.9366016160829549, 0.0]
- [0.0, 0.0, 1.0, 0.9363451138527407, 0.35108094189815825, 0.0, -0.35108094189815825,
  0.9363451138527407, 0.0]
- [0.0, 0.0, 1.0, 0.9362175508144874, 0.35142096913377624, 0.0, -0.35142096913377624,
  0.9362175508144874, 0.0]
- [0.0, 0.0, 1.0, 0.936606716104825, 0.3503824472591852, 0.0, -0.3503824472591852,
  0.936606716104825, 0.0]
- [0.0, 0.0, 1.0, 0.9375105114649926, 0.34795695264306453, 0.0, -0.34795695264306453,
  0.9375105114649926, 0.0]
- [0.0, 0.0, 1.0, 0.9386927393386231, 0.3447549000564776, 0.0, -0.3447549000564776,
  0.9386927393386231, 0.0]
- [0.0, 0.0, 1.0, 0.9397902010944392, 0.34175192454011644, 0.0, -0.34175192454011644,
  0.9397902010944392, 0.0]
- [0.0, 0.0, 1.0, 0.9413113436638235, 0.3375395595923639, 0.0, -0.3375395595923639,
  0.9413113436638235, 0.0]
- [0.0, 0.0, 1.0, 0.9439054057541189, 0.3302159671914004, 0.0, -0.3302159671914004,
  0.9439054057541189, 0.0]
- [0.0, 0.0, 1.0, 0.9463688579345818, 0.3230881996167537, 0.0, -0.3230881996167537,
  0.9463688579345818, 0.0]
- [0.0, 0.0, 1.0, 0.9483232393314387, 0.317305899321029, 0.0, -0.317305899321029,
  0.9483232393314387, 0.0]
- [0.0, 0.0, 1.0, 0.9506598749957912, 0.31023507550402274, 0.0, -0.31023507550402274,
  0.9506598749957912, 0.0]
- [0.0, 0.0, 1.0, 0.9545124014038778, 0.2981712185409625, 0.0, -0.2981712185409625,
  0.9545124014038778, 0.0]
- [0.0, 0.0, 1.0, 0.9572618538876219, 0.28922265314396367, 0.0, -0.28922265314396367,
  0.9572618538876219, 0.0]
- [0.0, 0.0, 1.0, 0.9598730207878395, 0.2804349906192658, 0.0, -0.2804349906192658,
  0.9598730207878395, 0.0]
- [0.0, 0.0, 1.0, 0.9631101603248368, 0.26910744894756633, 0.0, -0.26910744894756633,
  0.9631101603248368, 0.0]
- [0.0, 0.0, 1.0, 0.9673554890852112, 0.25342327781147495, 0.0, -0.25342327781147495,
  0.9673554890852112, 0.0]
- [0.0, 0.0, 1.0, 0.9699406779648531, 0.2433414909732438, 0.0, -0.2433414909732438,
  0.9699406779648531, 0.0]
- [0.0, 0.0, 1.0, 0.9727368095331663, 0.23191183535825965, 0.0, -0.23191183535825965,
  0.9727368095331663, 0.0]
- [0.0, 0.0, 1.0, 0.9782974149690375, 0.20720561735845588, 0.0, -0.20720561735845588,
  0.9782974149690375, 0.0]
- [0.0, 0.0, 1.0, 0.9808939792133552, 0.194543058326402, 0.0, -0.194543058326402,
  0.9808939792133552, 0.0]
- [0.0, 0.0, 1.0, 0.9831409660054709, 0.18284923013737192, 0.0, -0.18284923013737192,
  0.9831409660054709, 0.0]
- [0.0, 0.0, 1.0, 0.986910259834227, 0.16127039106400992, 0.0, -0.16127039106400992,
  0.986910259834227, 0.0]
- [0.0, 0.0, 1.0, 0.9892272380051013, 0.14638808554250102, 0.0, -0.14638808554250102,
  0.9892272380051013, 0.0]
- [0.0, 0.0, 1.0, 0.9909498118153456, 0.13423289635231417, 0.0, -0.13423289635231417,
  0.9909498118153456, 0.0]
- [0.0, 0.0, 1.0, 0.9935467612765809, 0.1134232478675197, 0.0, -0.1134232478675197,
  0.9935467612765809, 0.0]
- [0.0, 0.0, 1.0, 0.9954152533944188, 0.09564765187773837, 0.0, -0.09564765187773837,
  0.9954152533944188, 0.0]
